## This file contains the information about the authors of the Community ruleset.
## Each author will be listed and the SIDs associated with those authors are listed underneath their names
## The VRT would like to thank each author for contributing to the ruleset.
## To contribute to this ruleset, please email research [] sourcefire.com

Jason Wallace
21246
21255
21256
21257
21267
21442
21266
21818 
21819 
21820 
21821 
21822 
21823 
21824 
21825 
21826 
21827 
21828 
21829 
21830 
21831 
21832 
21833 
21834 
21835 
21836 
21837 
21838 
21839 
21840 
21841 
21842 
21843
21475


Nick Randolph
21327

Nathan Fowler
21375
21417
21438
24226
24227
21562
26814
26576
26577
26618
26838
26948
26947
26949
26950
26951
26985
27085
27086
27087
27088
31455

Frederick Stankowski
21443
21444

Eoin Miller
21845
21846
21847
21848
21849
21850
21851
22061

Alexandre Menezes
22957
22958
22959
22960
24031
24032
24033
24034
26916
26917
26918
26919
26920
29761
29762
29763
29763
29764
29765
29766
29767
29768
29769
29770
29771
29771
29772
29773
29774
29775
29776
29777
29778
29779
29780
29781
29832
29833
29834
29835
29836
29837
29838
29839
29840
29841
29842
29843
29844
29845
29846
29847
29848
29849
29850
29851
29852
29853
29854
29855
29856
29857
29858



James Lay
23179
24017
24171
24102
24225
24265
24251
24265
24253
24254
24598
25948
26380
26381
26382
26467
26483
26522
26585
26655
26656
26658
26659
26698
26719
26720
26725
26726
26727
26728
26729
26730
26731
26732
26733
26734
26735
26736
26737
26738
26739
26740
26741
26742
26743
26744
26745
26746
26747
26748
26749
26750
26810
26834
26837
26839
26948
26947
26949
26950
26951
26965
27039
27040
27041
27042
27047
27144
27145
27203
27599
27726
27727
27728
28007
28008
28009
28010
28011
28079
28215
29816
29817
29829
29830
29831
30065
30066
30549
31293
33513
34287
34291
34292
34365
34945
38993
39411

Brett Caldwell
23481
23482
23621
23795
23636

Avery Tarasov
24255
25809
24798
24885
24886
25050
25119
25224
25256
25258
25259
25269
25271
25277
25471
25503
25504
25511
25577
25578
25579
25580
25627
25652
25660
25675
25765
25766
25807
25829
25854
25946
25947
25949
26023
26024
26075
26106
26211
26212
26264
26265
26286
26287
26288
26289
25054
25257
26319
26325
26327
26335
26370
26371
26398
26470
26480
26481
26482
26533
26560
26561
26562
26563
26580
26581
26582
26583
26589
26612
26613
26614
26654
26657
26660
26696
26697
26718
26722
26723
26752
26762
26774
26775
26776
26779
26780
26781
26782
26811
26812
26835
26836
26910
26911
26912
26913
26914
26915
26924
26966
26968
26969
26970
26971
26984
27017
27043
27044
27045
27146
27155
27180
27181
27199
27200
27201
27202
27204
27247
27248
27252
27253
27254
27255
27256
27257
27533
27534
27535
27537
27538
27566
27596
27632
27633
27648
27649
27680
27774
27775
27865
27918
27919
27965
28004
28012
28080
28114
28115
28116
28117
28118
28119
28120
28121
28122
28123
28147
28148
28152
28153
28154
28155
28156
28192
28193
28255
28285
28293
28294
28295
28296
28297
28302
28404
28405
28406
28445
28446
28541
28542
28543
28044
28540
28800
28801
28802
28803
28804
28805
28806
28807
28539
28809
28810
28814
28815
28918
28919
28945
28959
28960
28976
28977
29030
29031
29167
29126
29127
29216
29217
29220
29259
29260
29261
29262
29263
29300
29349
29395
29664
29665
29824
29825
29826
29827
29828
29832
29833
29862
29863
29865
29875
29882
29884
29891
29894
29895
29897
30067
30068
30091
30234
30255
30256
30257
30258
30259
30260
30261
30262
30543
30544
30545
30546
30547
30548
30550
30551
30552
30567
30568
30569
30570
30914
30915
30918
30919
30949
30997
30998
30999
31000
31001
31034
31035
31036
31221
31222
31262
31294
31295
31315
31112
31113
31243
31244
31260
31261
31442
31452
31453
31454
31456
31457
31458
31463
31464
31465
31466
31467
31468
31472
31530
31507
31680
31681
31682
31683
31639
31640
31641
31642
31649
31820
31824
31825
31826
31827
31829
31916
31917
31918
31919
31920
31921
31922
31923
31924
31964
31973
31990
31991
32008
32130
32196
32225
32367
32374
32385
32531
32583
32584
32604
32605
32606
32607
32608
32852
32853
32888
33212
33219
33224
33227
33228
33443
33444
33449
33450
33453
33457
33519
33520
33560
33649
34136
34318
34367
34368
34452
34453
34843
34868
34622
34852
34931
34950
34958
34994
34995
34996
34997
35068
35076
37733
37816
39738


Randy Miller
25518
25519
25520
25521
25522
25523
25524
25525

Joerg Weber
26020

Yaser Mansour
26395
26396
26399
26400
26401
26402
26403
26404
26405
26406
26407
26408
26409
26411
26412
26413
26553
26554
26555
26556
27567
27625
27626
27627
27628
27629
27630
27631
27707
27708
27801
27802
27803
27804
27913
27914
27915
27916
27917
28005
28006
28033
28034
28035
28036
28042
28105
28106
28107
28300
28552
28553
28554
28555
28556
28557
28940
28950
28951
28952
28953
28954
29492
29493
29494
29567
29568
29569
29666
29864
30069
30070
30071
30072
30288
30795
30796
30824
30825
30826
30827
30828
30829
30830
30831
30832
30833
30834
30835
30836
30837
30838
30839
30840
30841
30842
31053
31070
31084
31531
31593
31600
31601
31602
31603
31604
31605
31606
31607
31830
31831
31965
31966
31967
31968
31969
31970
31971
31972
32065
32066
32067
32776
32823
32824
32825
32826
32827
32956
32957
32958
33207
33220
33221
33222
33223
32976
32977
33281
33282
33522
33523
33524
33547
33646
33647
33648
33650
33677
33678
33815
33816
33818
33819
33820
33821
33822
34137
34144
34145
34146
34236
34237
34307
34308
34309
34310
34311
34312
34313
34314
34315
34316
34317
34335
34366
34370
34917
34964
35353
35386
35387
35388
35389
35390
35391
35392
35393
35394
35549
35745
35746
35749
35750
36202
36064
36065
36066
36198
36199
37521
37522
37523
37620
37621
37552
36541
37814
37815
37817
38255
38256
38257
38258
38352
38353
38354
38355
38356
38357
38358
38359
38378
38379
38380
38385
38386
38387
38388
38509
38510
38514
38515
38516
38517
38557
38558
38559
38560
38561
38562
38563
38664
38565
38566
38584
38585
38586
38587
38588
38603
38606
38607
38608
38610
38619
38620
38621
38886
38887
38888
38890
38891
38950
38951
38952
38953
39064
39080
39159
39160
39163
39164
39409
39410
39526
39527
39528
39529
39573
39574
39575
39576
39577
39578
39579
39580
39581
39582
39583
39705

rmkml
26468
26469
38457
38580
38581
38604
38605
39444
39737

Eddie Mitchell
26526
26578
26579

Dell SecureWorks
26558

Hank Leininger
1673
1674
1675
1676
1677
1678
1679
1680
1681
1682
1683
1684
1685
1686
1687
1688
1689
1690
1691
1692
1693
1694
1695
1696
1697
1698

Paul Bottomley
26695
26923
27246
27565
27805

Christopher Hall
26842

Brandon Kendall
26925

Adam Gardner
27865

Nick Mavis
28344
31455

Caleb Jaren, Microsoft
28913

Tony Robinson
29760
29788
29789
29790
29791
29761
29762
29763
29763
29764
29765
29766
29767
29768
29769
29770
29771
29771
29772
29773
29774
29775
29776
29777
29778
29779
29780
29781
32665
32666
32667
32670

BAE
30191

Red Sky Alliance
33047
33058
33059
33060

Didier Stevens
34864

Brian Scamehoeorn
38594

Carriag Stanwyck
39443
